0:
..#
.##
##.

1:
.##
##.
###

2:
#.#
###
#.#

3:
###
#.#
#.#

4:
###
.##
..#

5:
#..
###
###

47x38: 27 37 25 25 36 29
42x36: 30 32 26 22 26 32
41x36: 36 34 45 39 39 34
49x37: 41 52 55 42 41 46
47x44: 44 30 25 31 39 40
42x44: 37 35 27 32 38 26
47x37: 36 30 34 23 29 27
38x43: 35 41 42 44 50 39
45x47: 47 58 52 59 56 52
43x46: 60 50 45 47 55 51
49x37: 36 55 56 31 52 47
44x46: 32 31 29 42 41 35
44x44: 31 55 59 52 45 50
42x44: 39 42 55 63 33 48
41x36: 25 24 31 24 29 23
43x39: 28 30 26 30 39 29
47x40: 49 53 38 48 56 47
36x47: 25 27 36 28 39 25
46x42: 30 39 28 36 40 36
48x39: 47 45 56 45 40 54
36x44: 35 33 38 53 46 38
42x47: 26 31 39 44 43 27
45x44: 33 37 36 34 29 40
49x49: 36 50 34 41 49 46
44x43: 30 38 31 37 32 27
47x46: 61 56 54 60 52 51
40x35: 24 25 25 27 23 18
37x38: 37 40 42 33 31 33
36x43: 39 37 35 40 45 43
49x48: 70 59 62 47 68 60
38x46: 28 37 24 30 33 28
39x39: 47 44 38 33 35 39
50x45: 65 65 53 51 60 55
38x39: 26 27 27 26 22 27
39x39: 30 35 26 34 20 24
50x41: 35 41 33 28 42 28
40x46: 29 30 35 30 33 38
38x40: 43 47 37 39 31 37
47x41: 38 26 31 45 27 27
36x41: 38 41 33 28 48 41
39x45: 31 43 23 37 35 25
50x36: 38 49 41 52 46 49
38x48: 52 55 38 43 52 43
42x38: 28 34 24 19 37 25
43x43: 30 42 29 34 28 33
40x40: 46 47 38 41 35 40
37x42: 25 33 21 30 31 27
48x36: 36 36 37 27 34 22
41x47: 36 39 35 32 25 28
50x37: 49 39 54 50 46 47
44x40: 53 48 45 37 43 47
50x46: 53 64 65 63 56 51
49x35: 28 32 29 24 36 26
40x36: 29 33 41 35 40 42
42x35: 36 40 36 30 39 45
40x47: 45 48 40 44 52 60
41x45: 44 36 32 28 31 24
50x50: 39 44 51 37 37 47
45x37: 28 29 24 30 38 31
41x43: 41 52 47 45 42 43
42x46: 38 31 41 34 27 38
42x35: 27 20 25 35 26 21
49x38: 51 44 51 37 43 61
42x40: 43 37 44 46 44 45
47x45: 50 70 55 56 45 47
39x44: 31 25 24 35 41 26
49x47: 31 41 44 47 42 34
48x42: 35 32 45 34 34 43
47x47: 57 48 50 54 63 69
47x49: 61 60 55 54 52 72
36x40: 39 33 30 41 42 38
50x44: 36 35 36 47 42 27
49x50: 41 34 50 42 48 40
45x42: 59 49 39 59 35 51
45x36: 29 25 33 40 25 27
39x39: 28 28 33 26 21 32
40x36: 28 26 41 21 21 19
39x45: 29 37 28 31 34 35
37x37: 35 43 36 26 28 42
45x38: 36 27 40 30 26 21
39x50: 52 50 48 47 59 46
40x45: 33 31 33 31 24 42
50x49: 58 59 72 58 72 58
37x46: 22 31 33 40 24 29
43x41: 21 32 40 28 35 26
50x45: 38 35 40 44 45 38
48x50: 40 44 39 47 41 45
41x50: 40 39 29 30 36 33
48x42: 43 37 29 34 40 41
40x50: 47 33 33 25 36 34
44x35: 24 21 19 34 31 24
37x45: 44 45 25 61 37 44
48x39: 32 34 32 37 37 35
48x46: 57 48 66 65 48 55
36x42: 37 31 46 41 36 41
47x40: 27 33 32 31 37 34
42x45: 37 38 29 37 37 31
43x42: 59 48 51 35 49 40
35x49: 49 42 41 37 46 51
37x47: 30 29 35 36 26 24
44x35: 37 47 39 41 36 36
49x35: 30 26 28 32 32 27
50x37: 48 49 39 56 47 46
44x39: 27 36 32 32 30 24
43x37: 29 35 25 22 34 23
47x45: 35 35 41 39 25 50
38x35: 36 38 35 31 31 34
46x43: 29 35 39 37 38 32
42x49: 29 42 47 31 36 39
50x46: 57 65 55 56 55 65
46x45: 28 34 39 41 41 42
36x45: 32 26 32 29 24 37
40x46: 28 39 25 30 37 35
45x40: 32 36 29 30 33 34
38x41: 24 33 23 23 28 24
46x50: 70 61 47 58 70 53
41x49: 59 59 53 55 42 42
44x49: 39 47 34 40 33 31
44x47: 52 45 58 45 52 66
44x49: 34 38 41 38 32 40
42x50: 42 30 37 33 41 41
42x41: 24 23 27 36 31 41
37x42: 28 23 22 35 32 28
38x50: 30 32 26 31 36 36
38x46: 37 31 30 26 30 26
41x50: 54 63 43 49 52 55
49x46: 38 36 34 47 41 43
44x44: 37 35 32 26 34 31
48x36: 38 35 31 30 23 34
36x48: 39 52 48 34 62 32
41x39: 42 45 34 49 43 34
47x42: 43 32 32 30 29 43
49x40: 38 29 25 45 33 37
41x46: 54 57 37 56 42 45
49x46: 28 39 33 51 45 43
47x36: 39 43 48 45 47 38
39x48: 42 46 45 44 44 65
36x37: 18 22 30 30 23 20
46x50: 50 63 63 59 63 54
44x43: 37 31 29 30 35 34
44x45: 50 51 45 53 54 52
42x36: 35 27 31 28 20 27
39x50: 51 65 39 51 46 48
41x44: 28 30 33 31 28 32
41x49: 45 53 53 47 49 60
42x37: 26 28 38 26 29 20
45x41: 42 53 50 45 42 50
41x42: 51 45 47 44 37 42
42x39: 32 31 28 26 36 29
37x48: 40 48 44 32 61 49
47x42: 61 45 42 53 51 55
47x47: 42 33 35 30 45 39
49x48: 41 39 45 44 38 49
40x40: 42 59 38 36 37 34
42x41: 27 39 25 26 32 32
35x43: 42 36 45 46 33 30
35x43: 30 53 38 41 36 31
48x36: 25 36 33 37 29 31
39x45: 30 31 29 29 40 35
37x44: 24 24 35 26 34 25
39x46: 26 35 30 38 36 29
38x41: 19 30 22 32 29 24
40x50: 42 49 50 53 63 50
48x45: 50 45 30 44 37 33
49x46: 34 40 43 36 41 45
50x50: 40 40 47 38 45 45
48x45: 39 38 37 43 37 45
46x47: 29 37 45 33 41 39
44x36: 41 36 41 49 34 42
50x48: 53 45 30 39 52 36
39x39: 48 35 44 32 40 38
49x38: 24 22 42 34 30 39
38x48: 39 35 17 31 40 29
46x37: 25 37 28 27 38 25
37x35: 29 42 27 30 32 38
42x40: 54 43 30 45 43 47
48x48: 46 60 58 52 74 63
44x46: 40 24 47 33 31 34
36x37: 25 33 35 33 37 40
50x41: 42 32 39 31 28 36
40x50: 48 59 49 52 45 53
39x50: 27 32 40 36 38 34
43x39: 44 52 39 42 39 42
45x50: 37 46 37 37 41 42
42x43: 39 47 44 46 45 55
37x40: 29 18 26 23 25 35
44x42: 32 44 26 35 35 23
49x42: 35 42 41 30 37 39
45x42: 30 47 28 36 37 32
41x37: 35 39 46 29 36 47
36x44: 29 36 26 24 25 28
42x36: 43 40 30 49 44 29
48x35: 52 45 44 45 41 34
38x50: 37 40 40 58 47 67
38x46: 32 38 32 31 22 25
38x40: 37 26 24 29 19 20
36x48: 32 22 36 32 24 45
44x39: 50 42 39 36 52 48
40x44: 34 32 31 38 21 25
35x43: 24 30 25 29 23 23
41x45: 52 42 35 50 52 55
39x40: 32 33 27 23 21 33
47x38: 35 25 35 30 27 28
40x39: 26 33 33 28 24 24
41x41: 45 41 39 43 48 44
47x44: 40 26 37 39 27 40
40x50: 32 25 34 27 49 41
40x37: 48 31 36 41 40 35
37x48: 32 38 33 32 23 33
39x36: 33 35 41 43 39 25
35x48: 26 35 28 31 21 34
43x44: 45 48 41 46 52 59
44x47: 28 34 37 42 32 37
35x50: 43 53 43 45 39 45
36x45: 40 43 48 39 47 33
43x41: 46 43 48 41 54 41
35x45: 25 28 22 21 36 33
37x49: 48 38 45 40 55 55
38x40: 25 18 27 22 26 38
49x37: 57 44 51 35 51 45
42x36: 26 33 22 27 22 37
43x41: 35 30 28 34 35 19
43x36: 29 32 28 24 26 28
37x37: 15 27 32 25 13 31
35x46: 29 20 33 25 23 35
48x41: 32 36 32 40 39 28
35x42: 28 28 35 21 23 19
39x35: 18 25 24 16 35 25
50x47: 47 40 41 41 28 43
47x40: 49 59 40 49 49 44
50x44: 39 21 43 45 32 43
47x36: 45 48 42 31 56 41
36x39: 32 41 36 38 36 32
38x39: 29 28 26 23 24 26
35x35: 26 30 23 35 36 38
48x49: 50 37 42 43 40 43
49x45: 51 58 57 61 64 48
49x45: 44 39 41 50 30 35
48x41: 25 37 34 39 32 41
47x48: 28 33 58 48 38 34
36x39: 30 27 30 29 23 17
47x41: 54 46 56 45 49 48
41x36: 45 34 31 33 50 38
47x50: 48 40 34 36 44 37
48x36: 26 35 33 33 32 32
43x37: 29 25 27 36 23 28
43x47: 26 26 36 40 44 38
39x47: 38 40 35 28 23 31
46x50: 49 43 46 39 34 28
37x45: 27 36 25 25 25 41
39x41: 29 25 34 27 31 23
46x45: 54 66 53 43 53 50
38x39: 29 31 24 27 25 19
43x39: 37 27 22 35 31 30
49x39: 38 31 30 35 39 35
47x37: 26 29 30 33 32 29
46x36: 34 35 23 31 23 34
40x46: 27 31 31 40 27 38
38x48: 42 49 41 38 56 55
45x42: 38 35 31 33 35 38
43x43: 35 32 33 31 26 38
45x38: 52 50 34 40 47 43
41x50: 48 53 51 54 57 52
49x48: 47 45 42 35 38 48
45x48: 50 57 49 54 63 59
39x42: 33 30 27 31 32 28
44x39: 30 40 26 27 25 33
49x48: 49 51 51 40 36 28
44x40: 34 31 31 34 28 24
43x49: 62 51 56 58 55 45
35x36: 29 31 32 36 30 35
44x40: 47 49 30 41 40 64
36x45: 51 40 34 36 47 45
42x35: 30 22 22 22 27 30
49x47: 68 50 64 52 58 65
43x48: 32 50 47 23 34 38
44x40: 45 51 49 37 46 43
49x36: 35 30 34 25 32 35
39x48: 24 32 45 29 38 39
48x40: 40 35 30 27 36 40
46x39: 31 29 21 42 36 35
48x41: 47 32 30 37 34 27
37x48: 38 33 25 32 32 32
49x49: 42 40 39 41 43 51
49x45: 69 58 49 55 57 55
50x38: 46 53 46 54 42 50
36x36: 33 18 28 18 24 22
46x50: 38 41 43 34 40 44
46x47: 36 39 43 39 31 37
43x36: 37 45 47 40 35 33
36x43: 36 28 27 28 15 34
48x45: 40 42 45 41 32 40
46x44: 24 35 37 48 41 25
36x50: 35 31 32 34 25 35
49x37: 37 30 34 32 26 32
44x48: 44 33 38 29 38 42
35x41: 43 34 41 37 25 41
43x46: 34 27 46 34 39 30
42x39: 34 26 28 38 26 29
49x44: 69 52 47 60 62 47
47x41: 45 52 57 49 39 52
40x40: 29 31 46 44 48 46
47x45: 57 48 51 59 51 60
38x40: 28 27 26 27 29 19
50x46: 51 59 59 57 67 60
50x43: 56 46 66 49 59 56
45x35: 41 34 46 48 36 37
47x42: 36 41 35 36 38 24
35x43: 27 27 30 17 20 32
38x49: 42 32 32 27 31 28
38x38: 21 29 29 29 19 17
40x43: 33 24 20 29 39 36
36x48: 51 44 47 35 44 47
41x44: 35 32 37 19 29 30
42x39: 34 38 41 38 41 58
42x49: 50 46 60 47 53 60
40x41: 30 27 28 23 39 22
35x39: 28 28 26 23 23 14
45x36: 38 41 52 32 44 42
36x40: 25 23 24 20 34 29
36x43: 34 26 25 25 28 30
48x42: 39 43 29 34 36 42
44x40: 41 46 39 43 45 56
48x48: 44 49 39 47 41 35
40x35: 16 30 20 26 23 28
35x39: 28 20 21 21 24 29
46x41: 20 40 41 35 28 31
39x40: 43 39 45 37 39 38
43x41: 39 40 53 47 47 44
43x46: 58 42 48 48 54 57
43x39: 40 49 45 42 39 42
37x49: 38 29 30 24 27 43
35x35: 30 20 15 13 20 23
50x35: 32 30 27 25 29 33
48x40: 34 35 32 28 33 45
38x45: 42 46 37 49 45 44
50x39: 27 33 35 38 45 30
47x45: 28 35 43 44 40 34
42x40: 19 26 28 28 36 44
35x43: 23 23 28 23 30 27
39x45: 41 27 33 34 28 31
40x38: 37 44 34 36 34 48
37x43: 33 54 39 31 43 43
40x46: 29 36 20 32 41 36
44x45: 32 47 35 32 35 29
46x42: 41 48 50 47 49 60
38x44: 25 29 24 31 28 30
50x36: 31 38 42 34 26 21
37x42: 23 24 32 25 29 35
40x50: 39 25 41 33 38 32
37x49: 38 25 24 31 37 37
46x46: 43 39 15 43 47 38
43x44: 45 55 41 41 52 57
50x44: 64 55 51 52 51 67
38x49: 49 53 51 51 39 43
41x37: 41 39 39 34 38 43
40x44: 27 38 19 31 34 33
49x39: 35 56 57 46 54 43
37x38: 19 19 23 24 24 35
37x48: 44 52 56 42 39 39
44x42: 30 36 35 22 38 34
40x45: 51 37 49 48 42 51
46x48: 36 37 34 40 48 45
49x37: 36 28 43 31 24 30
37x47: 47 42 39 33 56 53
41x50: 61 45 47 51 51 63
50x50: 42 36 42 31 45 59
39x35: 26 25 25 26 22 19
45x45: 55 44 51 48 46 68
35x39: 25 30 28 18 20 22
38x46: 50 37 43 41 48 52
39x49: 52 51 51 40 47 54
40x50: 34 41 36 30 38 29
44x42: 56 48 53 48 39 42
47x45: 32 45 37 39 40 32
48x38: 31 32 32 40 35 21
41x38: 25 27 28 30 29 17
43x45: 44 57 61 43 41 49
42x48: 39 39 41 42 26 37
35x40: 35 26 16 18 25 22
50x40: 36 38 31 30 37 36
44x37: 50 42 38 45 40 38
42x38: 22 29 27 32 29 28
47x43: 42 28 35 39 39 26
48x38: 40 42 46 44 55 53
42x48: 46 50 52 46 54 61
37x42: 34 21 30 28 27 28
38x42: 35 26 34 20 26 27
38x42: 42 32 41 48 40 43
43x46: 29 37 48 28 31 36
43x46: 56 45 53 40 50 62
50x50: 69 71 50 66 68 63
43x45: 29 33 32 37 39 39
36x47: 37 48 35 50 45 44
43x39: 52 45 38 37 43 46
49x39: 36 22 42 38 32 38
48x45: 36 39 31 37 49 47
49x38: 43 50 44 54 53 42
43x44: 28 33 43 33 30 29
50x37: 32 32 25 41 27 35
50x38: 34 34 25 34 31 34
38x41: 30 42 41 34 39 51
35x47: 28 26 26 26 26 33
37x48: 36 28 26 26 33 42
40x44: 25 25 31 33 32 36
36x46: 27 31 33 34 28 27
38x38: 29 37 39 33 43 40
38x43: 44 46 36 50 40 36
39x45: 25 39 32 35 32 32
43x43: 35 28 46 29 30 28
47x48: 55 62 58 62 46 62
35x43: 25 20 25 31 28 24
47x42: 52 59 44 42 48 59
36x50: 30 28 30 27 33 43
38x46: 61 42 50 42 39 39
46x48: 55 57 50 67 67 45
35x41: 25 29 22 25 23 18
44x35: 22 26 34 28 20 24
35x42: 25 30 22 22 31 23
50x49: 69 56 72 73 56 52
47x43: 38 28 38 29 42 35
38x35: 39 34 30 36 40 28
44x47: 33 37 37 30 40 33
36x42: 41 39 44 36 41 33
38x44: 39 40 25 17 27 19
43x44: 36 31 30 32 38 28
38x41: 28 31 28 25 20 24
45x37: 31 33 18 29 41 27
43x39: 46 50 42 37 41 43
42x44: 50 47 50 48 53 38
35x50: 49 48 46 37 48 43
35x49: 46 28 53 43 47 48
44x49: 33 30 49 41 29 42
37x39: 27 28 33 29 15 23
38x43: 41 36 52 39 40 43
39x43: 37 47 42 47 46 38
48x38: 41 60 44 49 44 41
50x47: 70 64 55 59 63 54
47x49: 41 38 40 30 49 41
41x50: 39 28 32 45 29 35
43x47: 50 57 60 49 41 52
36x39: 22 25 33 27 22 27
50x44: 34 39 45 35 37 33
36x35: 29 43 30 30 30 31
50x46: 39 41 28 43 36 52
39x46: 24 46 33 28 34 30
45x35: 56 37 35 47 34 37
36x43: 35 23 30 27 24 28
35x48: 35 49 42 46 40 44
35x47: 36 28 30 25 19 27
36x39: 17 31 24 36 23 25
40x46: 52 47 49 52 43 41
40x36: 40 46 33 40 38 26
43x40: 37 38 33 20 29 25
40x40: 34 38 43 45 46 39
48x38: 51 41 46 43 52 50
45x36: 51 32 45 43 40 41
48x39: 37 39 42 33 29 27
45x45: 42 44 64 47 53 59
44x42: 52 49 40 52 49 44
42x50: 55 44 59 56 62 49
43x49: 44 33 41 32 39 35
35x50: 30 24 29 28 35 29
37x40: 43 38 40 36 42 31
35x42: 27 28 22 29 26 22
40x39: 28 33 29 29 24 25
39x35: 29 26 20 21 22 24
48x46: 46 41 30 39 40 43
41x48: 30 30 32 32 42 42
43x36: 24 31 32 32 27 22
38x35: 23 16 23 25 26 18
45x41: 44 27 37 28 31 28
46x37: 23 32 29 32 30 33
47x40: 36 28 33 34 30 33
48x38: 39 33 29 30 32 29
50x42: 34 33 40 45 31 41
43x44: 54 56 39 43 55 47
47x47: 60 51 64 49 63 55
35x37: 21 19 20 25 23 24
44x50: 50 61 46 58 58 64
35x40: 34 36 33 40 41 32
37x44: 41 42 32 54 51 32
37x36: 46 31 38 30 30 33
46x47: 37 44 38 40 37 29
44x43: 44 38 29 34 27 23
35x50: 23 15 34 36 30 37
45x47: 47 23 38 36 39 41
40x37: 45 33 42 33 38 39
44x38: 31 36 28 24 19 29
42x47: 34 28 37 47 28 36
42x50: 56 59 49 59 54 47
35x43: 37 18 24 27 27 20
46x39: 32 34 29 40 24 35
43x35: 43 42 33 38 44 34
35x36: 29 19 18 17 21 27
45x47: 34 26 42 37 49 37
42x50: 46 42 44 28 27 36
39x37: 36 34 33 39 36 44
50x48: 40 42 44 34 46 49
36x42: 38 42 33 37 34 48
45x38: 36 29 21 37 24 32
39x41: 31 27 27 33 27 24
48x40: 42 45 59 49 52 47
43x36: 28 29 28 34 16 32
41x46: 27 25 36 34 33 39
47x45: 39 36 40 37 32 41
41x42: 49 50 43 46 46 33
45x36: 36 33 26 25 25 34
44x44: 54 37 54 43 46 65
38x43: 25 26 32 33 27 24
37x44: 30 25 22 33 24 33
41x42: 39 35 21 22 41 24
46x49: 35 50 42 37 43 33
44x42: 23 45 34 34 34 26
44x43: 36 48 50 50 57 48
42x37: 43 41 37 38 39 42
42x37: 37 25 31 20 21 34
45x45: 50 63 35 42 63 60
36x40: 34 41 37 36 45 29
37x39: 30 19 28 21 30 27
49x35: 38 45 53 41 41 44
37x44: 46 47 44 38 42 35
49x49: 48 51 42 37 41 37
38x36: 33 40 26 33 35 43
41x50: 37 40 30 32 35 33
43x48: 32 37 35 34 44 42
43x50: 70 48 53 47 54 63
41x38: 42 32 55 46 37 28
49x40: 31 35 38 34 34 35
47x42: 29 42 29 34 41 35
41x46: 37 44 50 55 55 47
49x42: 70 57 43 49 48 54
47x36: 30 35 27 22 31 34
42x48: 37 36 40 32 40 39
35x44: 49 30 47 31 40 43
37x40: 27 26 28 32 14 29
46x37: 44 48 45 45 43 37
42x42: 35 29 32 38 38 24
39x43: 36 25 35 35 28 23
36x35: 24 19 26 17 25 20
35x38: 19 25 19 29 21 19
35x45: 25 29 27 27 34 23
35x50: 26 29 35 29 26 31
39x42: 33 25 24 34 35 30
47x43: 33 46 29 34 39 29
42x35: 24 25 29 21 31 24
36x38: 20 20 30 29 22 22
35x44: 20 27 22 29 35 21
36x47: 44 45 45 45 44 38
46x37: 29 33 37 28 24 28
41x37: 21 25 19 23 41 27
38x48: 36 41 42 53 63 45
41x50: 40 22 31 39 34 41
41x37: 20 29 30 28 24 24
40x39: 37 34 43 39 38 48
48x37: 42 46 43 54 36 50
44x41: 52 43 40 48 50 47
45x50: 42 46 40 26 43 42
42x40: 45 39 44 37 47 48
48x45: 43 48 40 38 29 41
40x43: 25 33 36 37 26 24
35x44: 33 42 41 35 45 40
49x39: 35 27 36 32 36 41
47x35: 49 42 43 41 40 40
49x38: 26 30 33 34 27 42
40x39: 31 25 28 24 29 31
40x43: 47 47 44 32 54 43
35x41: 39 41 41 34 32 34
38x38: 39 36 36 47 23 40
50x41: 56 66 53 42 33 64
41x44: 49 41 55 57 48 29
35x46: 42 32 35 36 46 58
41x40: 28 27 30 34 23 27
47x47: 30 49 34 44 28 39
35x47: 30 32 33 21 22 26
45x41: 43 46 39 46 55 55
41x37: 34 20 16 30 27 28
50x41: 33 34 42 24 34 40
47x36: 27 36 23 31 32 30
44x45: 40 19 35 38 41 36
38x38: 18 24 27 23 24 27
43x44: 46 57 53 41 38 54
41x45: 46 46 55 47 49 41
40x45: 26 29 34 35 37 34
40x37: 20 37 27 22 30 19
36x40: 24 36 21 28 25 22
46x47: 49 38 28 31 42 37
39x50: 36 52 53 47 49 59
49x36: 46 31 36 19 32 27
48x48: 45 47 48 40 34 41
37x43: 28 34 22 35 28 21
43x50: 47 56 57 51 43 73
45x39: 44 44 43 52 39 47
48x47: 42 41 41 41 40 35
45x49: 40 38 36 36 42 48
45x35: 35 40 39 40 55 34
35x48: 26 37 25 28 36 23
37x42: 27 26 29 29 31 25
46x42: 52 52 40 55 47 52
48x38: 27 39 26 35 35 29
39x48: 31 28 39 29 46 35
45x45: 38 29 45 37 38 38
47x38: 46 58 49 38 38 45
40x41: 34 30 30 22 24 28
44x43: 32 38 34 26 35 31
40x44: 22 29 34 38 25 34
40x46: 33 50 53 57 46 40
36x40: 33 19 32 24 24 23
44x38: 27 23 33 24 22 38
47x45: 43 41 43 46 29 23
35x37: 29 36 30 28 37 39
46x47: 56 63 50 50 62 53
50x44: 35 40 31 40 36 41
44x40: 29 25 33 21 49 25
48x36: 34 26 31 38 30 32
35x44: 34 47 30 46 36 42
35x41: 26 20 29 22 25 20
46x39: 39 32 29 26 34 34
48x41: 53 53 47 50 46 54
42x47: 29 35 34 34 38 40
48x42: 39 32 40 29 37 46
49x40: 51 46 47 49 51 58
35x49: 46 41 36 56 40 45
42x49: 31 36 35 37 37 48
39x44: 33 25 43 28 25 27
42x35: 25 38 40 41 38 41
45x35: 30 22 21 18 39 34
38x38: 29 44 38 37 28 43
42x40: 39 41 36 55 40 46
44x46: 25 30 30 40 46 39
43x37: 36 40 37 43 44 44
47x49: 56 59 62 73 47 55
43x46: 23 40 31 43 39 34
45x47: 32 48 36 35 37 36
40x39: 23 26 31 17 39 32
35x48: 35 27 22 25 32 35
44x46: 44 60 48 60 49 48
49x48: 49 43 40 41 37 45
45x35: 38 28 49 43 41 43
36x48: 53 43 33 43 54 44
35x39: 39 37 39 31 32 33
41x36: 18 30 34 26 25 23
44x50: 34 36 34 44 29 46
41x35: 40 44 29 38 36 35
50x35: 29 27 29 36 25 30
50x46: 49 45 68 69 65 56
36x49: 47 53 50 43 30 47
36x48: 41 27 42 23 30 29
42x49: 32 28 43 37 37 46
50x41: 54 46 58 56 44 57
36x41: 31 37 38 27 49 45
44x41: 35 39 58 46 43 53
43x43: 43 63 35 48 50 45
46x45: 61 49 59 52 52 48
39x36: 28 25 28 31 18 26
41x40: 17 25 24 35 36 31
39x45: 36 27 30 33 37 31
45x42: 34 26 30 41 34 44
37x38: 30 39 39 46 36 25
44x42: 26 27 31 30 46 36
39x48: 32 27 36 28 40 44
48x44: 53 67 54 49 48 53
36x38: 28 26 18 22 18 32
39x48: 56 55 38 47 37 56
36x45: 35 28 24 37 31 24
48x48: 40 40 44 54 36 41
47x48: 71 58 60 50 65 48
50x47: 42 33 48 42 35 40
41x46: 49 42 63 50 38 47
49x40: 51 49 42 52 51 57
42x44: 37 41 53 51 51 49
35x43: 19 29 35 24 23 23
50x48: 60 59 67 53 62 68
42x36: 29 28 20 23 36 32
50x44: 48 34 37 34 36 34
39x44: 28 29 31 27 31 35
47x44: 34 40 38 38 32 28
38x47: 50 59 48 31 51 38
40x37: 17 24 29 26 28 31
35x49: 34 33 33 25 27 23
45x50: 62 58 62 55 66 46
42x38: 29 27 23 32 22 34
38x48: 30 36 37 32 23 33
45x45: 45 41 70 51 52 51
43x43: 28 35 32 31 35 35
45x40: 30 33 44 32 24 31
45x35: 24 35 20 23 28 35
45x49: 66 48 51 60 54 63
37x38: 34 34 36 36 36 40
38x35: 33 33 33 40 29 36
44x40: 28 32 31 32 34 25
38x42: 25 28 23 36 26 29
42x36: 30 35 21 31 25 25
39x48: 57 56 45 44 43 45
38x38: 24 18 33 23 21 24
47x50: 37 40 40 44 40 38
38x50: 54 51 38 47 56 49
36x36: 24 24 20 32 21 23
40x42: 31 23 30 34 37 26
40x35: 38 33 33 41 33 38
48x47: 42 44 44 32 35 42
35x46: 44 34 39 51 44 37
49x48: 62 61 62 59 56 62
35x37: 33 29 35 41 31 30
40x44: 46 56 34 51 43 41
37x45: 33 28 26 27 35 31
37x43: 26 28 26 21 37 29
35x35: 36 28 30 28 38 31
43x37: 28 20 30 31 27 31
38x37: 41 33 36 42 29 36
49x45: 39 42 33 45 49 32
49x45: 39 42 31 53 36 39
46x40: 38 21 38 25 33 39
49x42: 33 49 34 36 38 34
38x39: 32 23 19 30 27 24
36x37: 18 36 18 19 25 27
42x46: 48 49 52 40 57 52
40x50: 39 34 30 39 36 30
43x50: 37 41 41 29 44 31
40x44: 33 28 27 28 36 30
35x45: 26 25 29 29 24 32
38x48: 32 33 36 26 31 34
38x45: 27 30 27 33 32 30
41x37: 34 26 28 30 16 21
46x40: 25 31 38 32 30 39
39x45: 29 29 39 28 30 39
38x46: 37 32 26 34 22 28
44x43: 44 48 55 36 49 58
42x48: 39 39 38 42 32 33
44x49: 55 54 55 56 49 62
36x48: 52 34 50 49 36 46
45x36: 31 27 30 34 36 22
43x45: 37 29 37 31 37 38
48x47: 60 46 51 59 71 63
42x36: 27 40 29 22 23 26
41x38: 31 25 28 24 21 27
47x50: 60 61 57 71 55 57
47x44: 27 41 32 34 31 44
42x39: 42 53 42 42 41 32
46x41: 35 32 28 33 29 38
39x42: 34 37 28 30 24 28
41x45: 35 32 28 31 31 37
40x35: 12 26 28 22 27 28
38x43: 31 32 29 20 22 33
48x47: 46 35 36 44 36 42
41x43: 25 26 36 30 29 35
36x36: 33 34 32 27 42 33
35x45: 33 46 35 48 44 35
39x44: 33 52 33 43 42 58
44x44: 52 49 57 41 43 56
41x41: 27 25 28 23 27 38
49x50: 58 72 51 63 72 61
45x49: 47 38 49 41 33 31
44x40: 36 31 31 25 31 28
46x48: 44 29 36 49 45 37
41x38: 16 23 21 25 27 44
42x40: 46 37 36 48 45 48
49x48: 53 70 61 64 52 59
46x38: 28 30 34 29 33 26
39x50: 36 28 42 30 35 37
45x39: 45 48 48 51 35 42
45x47: 43 30 28 44 40 40
42x35: 33 44 44 40 31 32
44x50: 25 40 38 48 36 37
44x43: 57 45 53 45 50 44
50x43: 33 37 45 36 36 36
43x36: 27 25 28 30 25 32
43x35: 42 38 43 35 34 40
41x40: 21 32 28 36 26 25
47x42: 36 31 40 36 36 31
45x35: 38 37 36 40 42 49
41x41: 27 21 29 40 28 24
46x50: 44 37 44 35 41 39
49x38: 33 34 37 31 28 29
49x35: 29 39 20 42 18 28
35x50: 44 43 49 47 43 43
46x44: 52 49 52 49 55 55
39x36: 33 40 43 37 34 28
44x45: 44 45 50 58 52 54
38x38: 22 29 21 12 25 34
45x35: 46 44 46 31 31 45
46x45: 58 45 57 59 45 55
43x46: 33 38 44 38 25 32
49x39: 56 48 49 51 47 45
38x43: 31 30 30 20 32 25
46x50: 42 41 44 41 32 39
39x36: 29 28 23 33 24 18
50x48: 68 60 53 65 65 61
48x38: 29 33 37 36 30 27
40x37: 25 19 17 29 31 34
36x37: 28 23 29 29 15 19
37x46: 39 55 51 36 31 47
43x35: 27 28 25 20 29 25
46x37: 27 33 24 36 30 30
45x43: 38 34 35 33 40 30
37x45: 44 46 40 41 45 41
36x41: 26 24 26 27 28 25
44x36: 30 29 39 29 19 21
50x36: 36 33 32 32 28 30
48x40: 62 49 42 50 54 43
42x37: 41 52 38 42 42 25
49x45: 37 43 33 36 49 41
47x35: 26 29 32 28 24 25
42x39: 37 29 29 33 25 29
41x42: 35 25 27 40 27 27
45x39: 29 34 27 30 35 39
35x38: 25 23 21 26 15 21
49x40: 36 34 38 29 32 39
45x38: 47 34 27 22 29 21
49x38: 54 38 57 52 45 42
46x42: 43 39 30 27 39 31
38x35: 15 24 23 23 21 25
49x41: 32 31 37 35 32 41
47x35: 47 41 45 46 45 31
41x40: 51 47 33 33 42 49
49x38: 28 37 35 35 27 29
44x45: 47 47 40 61 53 56
46x50: 47 31 36 43 44 39
39x36: 37 30 39 32 38 41
40x47: 35 34 25 41 31 29
49x44: 50 58 48 50 53 71
39x43: 28 31 34 41 28 19
49x50: 43 38 35 43 49 47
48x36: 28 30 42 26 33 32
37x46: 40 51 32 48 49 42
35x38: 23 39 35 41 29 34
35x37: 28 34 31 32 34 39
47x46: 27 38 34 40 44 41
35x35: 16 29 21 16 13 25
43x46: 43 49 46 54 55 56
36x47: 37 34 49 60 37 41
44x42: 46 50 49 43 47 49
42x37: 24 26 29 35 25 29
46x36: 54 44 41 38 41 40
35x41: 20 24 30 19 32 18
38x35: 23 25 20 27 21 16
37x43: 31 51 39 33 38 50
37x40: 28 18 27 33 19 31
37x50: 37 37 28 32 31 27
37x42: 38 34 34 45 48 41
49x43: 49 55 46 57 60 57
39x46: 24 33 37 35 28 38
35x41: 43 40 34 34 32 39
41x38: 28 25 24 30 30 18
37x47: 34 24 33 30 22 36
36x43: 41 46 38 36 42 36
47x44: 26 44 31 30 42 37
47x41: 40 41 51 51 56 56
37x35: 31 49 34 24 33 28
37x43: 45 39 45 38 40 39
43x39: 33 27 24 31 34 32
39x39: 35 26 24 24 25 35
38x46: 30 32 34 21 28 34
40x49: 36 38 40 31 36 27
36x36: 27 27 18 25 22 24
39x48: 47 29 36 26 38 32
42x47: 54 49 58 53 52 39
49x41: 29 36 39 38 27 39
47x40: 40 20 41 20 32 42
40x43: 27 30 22 24 47 32
42x43: 50 50 44 41 52 43
40x40: 26 23 34 23 34 29
37x46: 27 32 26 38 33 23
50x39: 54 43 51 52 53 49
43x42: 50 41 55 49 44 40
43x38: 26 25 29 33 24 31
38x47: 32 25 39 30 29 25
37x40: 42 37 39 34 38 39
40x49: 40 25 37 34 41 30
38x45: 36 45 43 43 57 39
37x45: 30 39 32 30 26 23
50x49: 44 32 37 50 41 52
47x39: 42 48 49 48 48 46
40x38: 37 51 33 41 28 42
50x35: 31 24 39 24 30 27
47x38: 30 30 38 26 30 25
41x39: 29 33 20 35 29 23
36x36: 24 25 17 22 31 25
44x45: 50 50 52 51 61 42
36x44: 35 43 41 41 39 43
46x44: 31 39 33 32 45 29
48x38: 33 34 35 34 20 35
36x46: 33 35 22 21 33 35
37x45: 41 43 38 51 49 35
44x41: 37 51 45 53 45 44
36x36: 19 25 20 23 30 27
49x37: 39 44 44 50 52 49
42x50: 38 38 36 41 38 33
40x44: 30 36 24 23 26 42
48x36: 50 42 45 45 45 41
45x36: 36 45 42 34 42 49
49x36: 42 32 33 22 29 34
37x48: 42 47 62 39 41 41
46x48: 48 53 28 44 31 35
47x43: 67 52 51 52 41 51
42x48: 42 28 35 47 36 35
39x38: 39 38 39 43 28 40
43x42: 40 54 60 41 43 38
44x50: 57 64 53 59 43 61
42x46: 33 34 27 43 36 37
48x42: 38 32 44 41 40 29
47x38: 53 47 41 53 38 44
50x47: 62 66 40 65 58 71
39x48: 25 43 33 42 36 28
49x49: 60 66 54 69 59 61
38x48: 37 35 33 29 27 30
41x37: 31 27 25 25 20 28
42x36: 21 38 26 28 25 29
47x38: 54 49 47 43 42 42
43x48: 29 44 44 38 32 36
47x50: 61 57 62 59 67 57
47x36: 46 39 43 36 49 49
40x47: 34 32 32 35 27 35
49x50: 46 41 25 48 39 57
45x38: 34 26 32 31 27 29
50x47: 57 56 60 58 67 64
40x39: 25 21 25 35 32 31
40x37: 35 30 35 39 51 39
41x37: 37 45 32 38 38 43
41x41: 34 30 19 26 22 37
50x42: 48 54 54 56 57 53
42x50: 46 63 58 37 59 59
47x35: 38 56 38 43 41 36
49x40: 46 40 50 50 61 55
45x36: 48 46 35 40 46 37
38x35: 15 25 24 20 22 25
47x43: 44 50 46 66 58 46
43x50: 36 36 40 34 38 40
38x40: 30 32 20 29 26 19
48x45: 44 34 42 34 35 50
36x49: 37 30 33 25 28 38
36x46: 26 35 34 32 22 31
49x48: 53 68 56 61 59 63
37x36: 32 39 26 34 24 48
41x38: 32 18 19 37 26 24
40x49: 48 56 46 52 57 43
41x36: 34 19 24 30 20 28
39x42: 47 26 27 31 23 28
36x42: 29 39 25 22 21 32
40x37: 23 26 18 30 29 29
46x50: 63 62 62 50 65 54
40x49: 51 46 54 48 43 59
36x37: 25 37 34 31 36 40
37x48: 46 45 39 58 40 45
38x35: 35 42 35 32 26 34
47x42: 40 37 29 31 33 40
44x46: 40 39 38 32 29 32
36x42: 37 37 31 40 51 38
35x36: 19 24 28 21 25 14
35x39: 37 36 30 38 36 34
37x46: 51 43 43 35 43 49
50x41: 57 63 52 57 52 36
39x47: 36 35 20 34 30 39
49x35: 40 43 50 39 45 46
46x39: 32 38 60 38 50 55
38x48: 18 28 36 35 42 33
36x38: 27 25 22 25 26 19
49x46: 51 67 50 64 57 56
43x47: 26 50 34 32 28 39
43x46: 43 47 56 59 49 48
46x41: 34 38 25 34 33 31
37x43: 34 47 43 46 39 34
48x49: 58 75 54 51 65 59
50x36: 30 33 28 39 27 34
38x44: 36 31 22 25 25 28
49x37: 22 32 44 36 21 37
37x40: 39 42 54 32 29 31
37x49: 51 44 54 43 49 40
43x46: 31 40 41 34 24 40
39x38: 37 49 34 32 38 38
41x40: 39 54 44 36 44 35
47x45: 48 50 65 51 49 60
39x38: 40 33 36 36 38 46
40x44: 56 45 50 39 43 41
44x45: 54 47 54 50 46 54
40x50: 56 62 63 41 50 37
40x39: 34 33 21 26 31 24
38x36: 28 34 36 36 36 39
39x41: 34 27 23 26 27 31
47x44: 69 35 56 49 52 62
40x47: 40 48 42 39 68 53
40x41: 34 23 26 30 29 27
50x37: 48 55 42 51 40 48
50x39: 49 52 57 50 44 47
39x45: 22 33 37 38 26 38
39x49: 52 41 52 53 49 48
43x48: 38 30 33 44 43 36
44x46: 36 33 32 40 28 41
39x41: 45 40 43 42 37 40
45x44: 30 30 33 35 40 42
40x38: 42 29 37 41 45 42
37x40: 22 27 23 32 25 26
42x37: 35 22 30 23 32 25
47x41: 36 33 27 33 32 34
43x44: 49 50 52 45 51 45
50x47: 50 33 42 35 37 42
44x48: 52 43 68 52 58 52
47x45: 35 48 38 31 40 33
47x49: 37 48 32 41 39 42
42x42: 47 50 38 46 44 47
